3.78100568078 0.2
3.8306815163 0.2025
3.89142167713 0.20500000000000002
3.93080957877 0.20750000000000002
3.8904933633 0.21000000000000002
3.94552383838 0.21250000000000002
4.06529560986 0.21500000000000002
4.07598137216 0.21750000000000003
4.07217928334 0.22
4.17796207478 0.2225
4.1208562422 0.225
4.07873555512 0.2275
4.30898314418 0.23
4.33705311353 0.2325
4.30101036352 0.23500000000000001
4.37576281026 0.23750000000000002
4.62499227778 0.24000000000000002
4.55641479308 0.24250000000000002
4.58302686056 0.245
4.54643456968 0.2475
4.70898153516 0.25
4.677940648 0.2525
4.90723079324 0.255
4.69349955524 0.2575
4.77930127447 0.26
4.81248537286 0.2625
4.78999964766 0.265
4.89670743875 0.2675
5.03767913725 0.27
5.08505184219 0.2725
5.17133367248 0.275
4.98013776567 0.2775
5.19737815168 0.28
5.24587647794 0.28250000000000003
5.15076304256 0.28500000000000003
5.35628603409 0.28750000000000003
5.33752561961 0.29000000000000004
5.28967676975 0.2925
5.39915040099 0.29500000000000004
5.45388823413 0.2975
5.36012406122 0.30000000000000004
5.49889633895 0.3025
5.59488087201 0.305
5.5182599724 0.3075
5.52329163452 0.31
5.509791165 0.3125
5.76205477247 0.315
5.83096845343 0.3175
5.90947295076 0.32
5.8434146694 0.3225
5.90697821908 0.325
5.93309850765 0.3275